11509
2310
10177
6364
2098
11726
11973
729
7271
3164
8161
3001
7438
7878
3743
12728
10511
2958
8449
357
293
7106
11119
10654
6663
2460
10422
8038
5057
2004
7178
7211
8154
1617
3699
9206
6502
4120
9991
13421
553
1850
1240
4156
13649
9240
2823
894
13791
8331
5708
9007
3686
7402
197
12795
382
2155
11564
45
13743
9709
2670
12427
11101
10571
2829
8828
1169
8543
2772
8146
11763
965
1855
2374
3683
1726
8157
12883
3372
13332
13536
8572
6028
8294
8097
3198
8528
13749
11954
2835
13580
557
13315
12278
8892
3041
5051
7484
7274
13784
5575
8542
13577
4131
836
3082
942
8471
12369
3138
4073
4928
4459
599
12931
9973
8079
981
9320
2499
6887
336
891
425
814
6430
9216
10034
9046
9034
12999
2737
4011
9088
4909
308
6016
2013
1476
6078
9714
2506
10728
5349
2831
13584
9203
11974
6477
7616
271
868
7252
1788
1626
190
108
2453
1601
1909
7869
8400
4249
5287
13825
9786
706
3190
12233
11094
5310
1085
13495
15
2659
3549
3071
3266
9558
186
9679
4127
13115
8682
2948
1722
8809
750
1099
4561
8441
620
5605
10285
2618
3632
3955
11084
1149
11815
2855
1330
1216
6745
3644
3533
4394
2178
3725
5469
6823
808
7623
6868
11419
11984
1683
3241
1807
2131
11994
4631
4637
1064
71
1280
3586
561
6271
10548
3522
12056
6546
338
2125
12873
1431
2224
2622
8022
11482
4258
9825
8824
4214
13666
491
2384
7619
13121
8313
7539
3722
3046
3200
13802
746
3335
2853
13128
2796
2354
13657
6978
1990
3006
9115
6999
8685
752
907
10372
4064
11403
4195
10702
398
12197
10345
8364
13435
4252
11073
10666
11485
6758
2698
2257
3757
7728
13752
2132
11374
6976
8162
10392
492
10653
5574
4510
11745
13680
9065
2235
11849
4429
13834
3552
11725
2074
11506
13254
12473
1637
1423
7488
13472
3824
1898
11708
4034
4592
1296
286
10052
4828
8138
10598
6971
1517
768
748
2251
356
2137
13000
5851
6714
4678
163
1568
7440
13485
13018
4189
12107
6007
2218
13285
4926
2938
3495
2729
1886
9708
10986
2680
2926
4385
6698
10566
7931
3304
11495
11788
9870
3228
11072
2722
10713
188
2704
966
3231
279
352
10957
9683
3518
3051
5005
2628
13553
4819
7149
4236
2518
1385
3604
3132
2005
1524
8678
609
7088
9757
3354
8148
6049
1225
2907
7429
10194
8272
3121
13080
5913
11883
846
6025
637
7098
11052
8695
8250
3192
7572
9376
2289
9796
11071
4666
10643
8665
5759
11566
12692
12241
11645
6564
3655
2413
4282
13518
743
6699
1332
4780
5261
563
6606
7152
4357
2432
8740
10595
2682
4990
3498
8501
8502
1545
5019
3641
5113
13395
6413
10218
2862
4807
10219
4955
12304
8680
2623
1869
3840
9064
2477
2293
13770
9954
2386
4560
11435
8183
6612
2060
263
372
4647
3216
2725
11771
9096
4166
3942
714
6771
3437
7023
2677
77
1820
1298
3728
3074
9811
4269
376
6797
3530
5017
4919
8702
13057
12138
9411
7486
1299
8376
9861
6847
3268
2779
12149
7011
6088
3413
3642
713
7010
2952
4724
7175
341
4547
4716
12286
12792
8866
13500
1094
5888
6444
1661
13281
549
13075
3760
1075
5093
13213
6883
13237
1862
1977
12896
11479
1904
13763
4486
1584
1000
10220
2836
7796
1095
3516
2258
10996
13298
9847
4100
12099
2597
3922
7703
1337
13169
10353
3491
11853
6440
3297
6503
8136
10628
1276
12751
8667
13645
9992
8937
8039
591
8955
7906
10874
3144
13055
4948
1589
11418
2559
9546
3674
4809
1572
10933
5302
6717
3630
12937
12775
5446
946
12060
2495
5982
10733
4276
6316
13849
6540
3230
1386
2202
13460
3273
3348
12480
2726
7907
10111
56
10097
3221
1602
9186
2055
11529
3166
1034
8443
5728
7900
762
340
13002
5234
5591
1693
11137
12320
7145
6266
1376
996
959
9113
8588
4135
8980
11675
1557
10112
7884
3188
7283
4096
9059
10927
906
5650
11172
8024
6697
1484
3365
2627
13364
5182
5859
2533
7908
2255
5183
378
406
5329
730
3223
7738
1728
10158
1252
8288
11827
1020
3159
13650
6936
13975
5703
949
1492
6384
6385
6386
337
4343
2549
4536
13635
11459
5436
4558
2361
12982
5533
7708
2982
9164
3484
38
9551
4925
5225
12791
2570
12118
9979
1359
6169
10221
4977
3746
10501
10107
123
12595
3667
7790
269
7404
159
6499
4785
1283
13198
8340
7150
6246
1322
1936
10484
8577
5055
1186
13074
10131
6616
10465
6827
1842
4616
6173
1619
4759
875
1262
1109
12587
242
4496
10690
12379
6880
13820
1779
11539
1933
2546
10363
3076
4609
6629
5276
7433
7434
2749
2993
6005
6491
9091
801
24
1383
901
1001
6648
2083
8003
5588
12201
9952
374
9663
262
5335
1522
5552
8064
9471
1183
8912
6862
5547
1312
2205
13670
4427
908
6355
12971
6096
8557
11302
5030
13092
13695
2640
9374
8278
2826
5268
402
694
7692
418
7552
11069
8028
1455
179
6856
6782
10024
7720
138
3396
5671
10130
11309
7129
1888
6596
13842
5924
2440
2158
7814
9192
8524
902
7620
3506
13212
13320
3598
2782
550
12992
13931
8369
12291
10570
3861
13244
4444
2874
3325
9946
665
5577
13372
11545
12854
7181
13159
13571
2152
6931
404
580
6892
3111
7541
13191
13045
8851
12798
4499
1766
4415
4097
4217
2344
1285
8835
9011
6530
3606
4927
5105
11195
6190
5967
9296
11181
2774
3187
3390
1407
8696
7633
6301
4887
3293
4668
11863
13694
4659
5247
6569
523
10506
7191
10812
7984
896
6688
727
4517
6321
8898
2147
985
870
11772
1526
12322
646
13077
6445
2673
7889
9309
1463
1063
1044
7985
12482
1899
5467
1267
795
12748
13034
12822
825
11824
3302
2520
2092
7820
1664
323
3596
11517
1579
2122
1392
3426
1692
12436
10176
4416
6519
3584
4867
1969
3461
11968
5170
246
4103
3989
2534
6454
12406
1959
11686
8310
9618
9739
2215
4508
7710
4314
6837
10923
6817
9913
4626
13636
8927
8521
11609
8098
4094
11034
9478
3480
4180
4409
234
4695
5569
11376
11750
13313
4747
2016
2612
2820
2420
4934
8152
12870
3278
12705
1720
5858
720
3568
2990
13884
9887
3628
4262
1791
10861
12404
3633
9226
7986
3625
13173
7405
13859
8744
7546
3839
5157
8657
10591
2789
3529
9452
13934
3956
12129
7571
11754
11806
9015
6433
10889
8846
4296
2626
4408
3177
12685
2454
3346
3713
12484
4985
12240
4371
1673
6555
778
13897
4004
11413
1772
10401
1422
3562
10955
4481
3891
7489
897
9666
5029
8797
4610
6934
12236
7441
5063
3362
2679
9892
4791
3399
8552
8357
5092
10080
2044
2553
4139
63
13387
13780
2909
10146
2885
7852
5292
7496
4173
6047
8089
2600
856
10094
3407
7297
4164
7407
2614
12762
3744
4152
3535
8177
8363
12816
1003
2429
4288
5561
4134
4568
9826
13182
13063
13439
5779
7499
3854
9517
2479
1812
2588
2604
6290
6339
1426
2554
3405
9802
7553
7798
2179
2803
5341
1180
3119
3292
8553
6335
4635
1239
8132
3787
1134
13675
13759
1618
9536
2797
8733
9149
11900
2404
2902
8174
3520
11622
13148
4351
3251
2022
4924
3780
144
9765
1662
744
967
585
10820
8550
3970
7639
2873
2072
3790
8943
3682
7987
2087
12720
9741
452
11830
11352
3882
6018
4422
5192
4537
10204
12850
7291
7695
2870
2471
6343
364
1957
6298
6146
11188
9616
3653
6293
12447
7300
780
2578
1632
4681
4512
2812
6123
1550
6389
1409
13873
3110
13504
8184
46
4557
1916
11337
9354
7141
11265
3267
392
5564
11486
11823
4283
1143
840
4112
11168
2564
6447
1181
13219
7174
13138
9947
7436
8546
189
4136
3532
1124
7578
9227
3265
6428
4689
3410
13520
1449
2837
10697
448
4971
3083
12650
11393
6687
5661
6944
4312
12297
12767
12389
9122
12968
12128
1118
6972
8864
4383
3697
481
13444
1734
3318
7468
212
1649
13738
7621
3009
6573
3003
4028
2196
4712
1690
3107
11304
1586
4655
1857
1481
4379
11594
8410
7193
4359
1587
12251
6074
7229
740
4194
1872
11067
12111
972
253
7113
12181
208
9237
2079
7059
2798
915
12299
4491
3219
623
909
1141
1483
6276
7005
4040
3262
8303
5218
1045
1831
2636
12091
96
1499
6849
11068
5380
3454
9031
9718
13624
895
9340
9098
13726
8262
6625
2216
12860
3208
6636
2025
10588
4070
1406
13528
6193
4860
9922
13381
3172
5141
4690
4623
8344
2067
4410
3629
11986
4256
8044
8047
9576
9581
6112
9578
6432
9579
8048
5955
8045
9577
11898
6744
10970
6884
4110
13043
446
6407
10021
8309
8175
2896
12183
12402
7544
6535
11339
8718
6531
2350
4254
9906
3315
4973
4776
13286
6184
1102
9249
13611
954
1782
7691
2747
6318
12381
10132
1686
11881
324
10773
1234
8962
13093
989
3607
12939
3833
13651
2331
2113
12089
593
3334
12029
10967
13027
8387
12990
1630
3687
13811
3294
7119
8091
997
11704
9748
3299
9850
1577
8023
1092
1038
9667
8531
3815
6073
12399
9351
34
1291
5059
1897
4321
7617
911
7228
4012
11122
2619
1365
1994
9128
10942
1808
4378
6867
9539
13918
6400
659
3470
4543
367
4304
4025
13692
12442
1729
8382
6617
8957
9287
8185
451
6536
8139
171
7632
13089
5108
2949
3501
3656
7347
2999
3300
6707
3689
4469
4185
4413
11074
4652
9771
4118
2418
4676
6696
288
169
12133
439
10224
5187
7853
3701
12490
3551
7120
10113
12784
9880
132
416
13337
13367
10962
3355
4225
9460
6214
3773
3900
2458
9758
7536
156
7498
5949
1179
3402
9833
13273
4523
6244
5978
11175
462
4082
3774
1771
11928
5248
10799
1079
1614
3978
8669
638
10144
4000
3718
1654
4725
8558
3889
10368
5281
5829
11889
3513
6317
6481
8470
3930
737
11906
4251
6724
2039
3090
8187
2150
4981
1620
4783
6873
2645
6749
4559
1009
272
627
6045
3336
1906
1956
1781
769
3556
2407
7766
9660
6460
13793
13715
9301
2804
4361
6510
440
1344
645
1096
6808
3059
3707
11199
7251
8853
2734
12011
1333
1628
3545
8021
3703
7513
3204
9720
3936
2461
11739
6796
12151
2441
3312
10330
10017
7198
7854
13039
7446
2981
3369
978
12958
11081
9426
6624
5250
7719
5449
5935
2770
13436
1983
8656
4483
3033
12659
2476
11946
12631
3211
4266
4141
2438
6693
2077
11091
2272
13671
2620
4477
2352
2226
913
10473
12714
2866
9916
7146
3560
10121
1246
1305
6900
2232
10212
2888
5968
2500
541
12884
10366
1190
13230
10936
9132
10527
12966
850
3539
1930
5304
13101
596
1521
8286
9002
11572
4636
11885
12899
2045
3341
11255
10009
13023
1640
1511
87
10922
929
13246
3514
4758
10400
12380
1920
2019
12996
6709
11818
9436
4816
3120
1405
5882
12426
5474
9873
1168
11685
4461
3415
7077
11078
7053
13591
11753
12997
9889
11715
3275
4630
1932
12277
11702
3988
13425
7477
305
8490
9330
6451
2921
3309
7408
6288
10659
1279
3805
8468
2662
4311
1641
2370
2145
4286
688
1653
289
3941
6424
995
1730
3078
5874
2312
9940
6791
1505
5052
4707
8517
4901
12616
11573
2316
4545
1057
12606
482
6860
9836
2684
3414
4132
8791
12627
3823
13898
6484
1612
7855
8595
11125
9365
6605
4771
8624
4250
964
6686
12591
3555
4504
11546
3409
807
12373
13948
10585
1200
2757
4205
1528
1914
11063
6550
9740
13082
1818
7160
8365
1182
3014
3962
10615
4514
12093
9073
4480
3148
3802
2286
9469
11663
735
4490
5285
2346
1976
3106
106
8649
2462
5193
4240
2668
2893
11198
8051
5216
9041
2338
6799
9169
11782
718
1338
12187
9504
7208
10396
3853
2528
7933
12167
5457
10250
3240
10711
13012
8192
11120
5553
11822
7661
7778
11314
13855
256
13441
6220
10475
4853
5084
1839
5636
13116
167
8547
12620
5267
6488
11979
1756
5712
608
9746
4964
9674
1940
4423
8454
11331
12847
5940
2140
9681
1126
991
9633
3134
13734
3966
6038
699
10725
4801
13066
4290
3024
8428
2957
8526
6613
12715
3554
13008
2452
13794
4727
2868
4213
6734
6833
643
9809
3868
512
5079
4784
8346
12043
11247
7554
4272
8053
13476
13748
11326
12177
8741
10010
478
2124
13535
12946
9057
2334
4072
7892
9801
10810
9914
7930
10731
8692
3207
9110
7195
9184
10945
6657
3902
2915
6819
3638
3651
3639
8813
9304
12722
10225
11246
12491
7351
11227
734
3101
11150
4297
4439
1451
3795
10747
1478
4396
10031
9058
7628
3075
9392
4232
8193
7177
3086
7937
3792
1672
3193
10042
10560
7210
10762
4381
7199
698
12219
10216
9495
7687
11519
13418
4907
12433
8347
3821
2512
12724
7043
11478
8281
3408
12492
5290
5215
5563
2872
2646
10444
11066
10707
5278
11298
12063
8371
9743
11065
12581
11311
13976
3285
9078
2392
6784
6893
137
7967
304
12689
8826
2268
4526
11127
4840
4391
7055
4030
1519
13447
11875
8823
7304
5627
13366
5316
13336
4172
4468
3115
52
2997
4215
8825
5121
9190
12994
8982
3126
13117
6973
10644
10873
3877
604
9903
4407
2221
866
13801
2405
529
8358
8383
13513
12988
9652
11501
1373
732
12221
10480
9651
11882
11978
841
12314
4624
4813
4367
5111
6134
3443
2634
7968
2103
3128
328
7411
5175
3984
12725
6566
2986
3025
11959
9307
754
5257
10687
7995
11905
1140
2069
792
68
4644
91
555
2925
2185
1223
7305
11190
3550
11635
1870
4077
11878
8320
3747
4556
12603
1015
2223
6328
13445
10622
4703
3237
1072
9234
2753
13503
9523
496
10338
5871
4921
5923
2675
4680
3195
12039
2610
8042
1679
2821
12114
3238
6090
5691
2793
13040
6172
2417
109
13614
7527
7614
13904
672
12474
5067
6015
6585
8594
7015
2601
11126
3759
760
10226
4827
11064
6494
114
9265
4426
4326
7377
4478
11628
2775
2024
3727
4946
2877
1958
4059
11232
7189
2449
494
12247
2285
3364
3020
235
6727
1795
1408
154
1286
8312
1340
4388
363
7064
973
1980
2136
8277
4729
2686
711
6158
10127
6580
770
7164
5256
6955
8936
13686
1083
12696
1209
773
11803
12752
13015
4832
3384
1078
4125
4355
3155
9694
7529
10404
2519
13073
3282
4056
9405
13919
13229
12392
6989
1355
1529
6981
1806
774
1027
7803
4395
3395
1799
8351
2917
11097
882
5303
3716
140
1884
12170
9465
9562
2895
12824
164
11301
1119
2347
2485
1944
13764
1306
10351
4433
7547
431
839
11468
3328
12275
3615
11584
9609
8195
10337
9762
2259
9439
1678
4001
799
9104
3235
12136
2624
12386
2164
10708
4923
7663
13616
3093
11776
2252
2493
2503
796
13765
11251
10205
11619
9316
4657
3588
6970
6871
1599
2306
3706
417
13773
5236
7737
6489
2378
540
8375
5219
11556
4868
13829
12740
4335
6963
13565
3283
9042
5835
12196
7682
4714
1596
10513
12071
13414
12980
2727
13178
424
4601
8789
110
779
13095
141
3349
5056
11612
8338
635
9280
8638
4954
9719
8493
476
119
9325
13841
7204
6571
1805
2165
535
7401
8908
8266
1242
9774
7008
3068
13708
4989
10722
7033
2282
3745
4524
1021
2513
2606
1087
13
13682
2666
6915
11266
2000
1639
13493
7935
6234
13508
2427
11061
3440
7569
3113
4958
7110
2434
8971
1551
1452
726
1207
13481
2028
13690
1145
11076
3321
3379
365
6985
252
3433
69
2399
1303
5103
10980
3063
5100
3091
13601
7782
4765
2894
8341
1633
3762
8609
8677
2815
1077
11473
12289
10739
5758
6706
82
13033
6818
7439
13896
7192
7817
13625
6563
10102
12203
1056
11196
10751
4284
544
992
12058
11570
2583
1978
4485
9862
3458
13739
11445
12416
3271
12630
2658
5409
3096
2790
3446
10321
10926
5853
797
13312
13966
11514
4742
12273
4570
11375
2373
4872
13463
3971
12611
9441
3472
8748
2598
12014
3509
11466
3933
10206
4313
13097
12497
9160
4187
4511
2099
13457
6542
12072
7201
7926
7068
8006
8086
5245
2426
5433
6537
12044
11319
4515
10410
8658
2910
9063
9671
2956
12653
1254
2642
3851
1471
9985
6906
7929
1093
12495
6275
32
10452
6662
9603
11377
893
1380
1981
8798
7808
2307
6579
3163
3860
12458
6181
4787
7656
11062
4752
6604
12217
13552
676
1973
7409
1375
2731
2037
9962
2180
1210
712
7216
11626
13548
5179
7500
8197
2975
12663
6183
9422
2752
5937
2933
4347
3479
8532
3974
9102
4373
9162
7928
7101
3690
6692
1948
5956
3102
11283
12623
4764
9205
3196
10260
202
2066
4897
2398
4440
12
315
7437
1715
5173
1233
7664
10347
2649
4260
9219
10939
3870
13933
13574
160
4633
4071
2661
2706
6485
12977
10199
919
5957
10373
6586
3776
823
427
8538
3249
268
5039
1544
3468
669
13136
1201
6457
7091
1150
8102
4892
10193
4035
4500
4573
6486
4691
715
13892
1546
2341
11462
3380
8436
12013
9505
4687
1605
10972
2968
7591
11774
9050
7260
7678
7296
7135
1039
10172
10940
2632
9619
4503
8130
8009
4281
8693
7776
630
1090
7261
1219
511
733
88
10288
971
9178
12559
4305
8293
9919
851
1035
1114
7523
2169
10082
7155
7941
5718
9438
13259
2379
6966
3226
11600
3965
8905
4393
9972
4425
3869
2242
8336
1877
12413
6279
835
1205
5639
7657
1227
13661
3206
401
173
9346
1446
1843
3614
1516
5570
8429
3904
1624
8794
12065
1328
9620
9621
13003
12184
429
3992
10450
12589
4237
92
13851
493
13911
53
10284
9236
3737
12134
2585
4451
3673
3205
8512
2768
12152
4796
13840
5455
10621
11225
3797
5171
8005
7285
2018
4760
13042
9070
11356
3621
12078
4618
7087
4953
686
3307
2560
3477
4010
7075
1921
6429
7890
6490
4231
13497
3050
12305
4643
6556
508
9348
2939
1032
7862
12648
7887
2502
2602
2980
4003
574
4826
4686
3884
4246
3331
485
5811
13079
13145
6654
11108
12783
12499
6951
1665
6848
8807
2505
3611
5460
1513
9424
11722
13122
12191
11450
1871
5707
10171
12383
10227
13902
6310
7635
12756
6145
10101
6165
6962
4756
9418
4653
9569
310
6622
1251
6401
1212
2030
3645
927
8749
214
2116
8244
7306
13454
10931
12024
10720
8478
9161
10541
11597
1412
2845
13393
9795
4353
6941
10090
8016
603
9185
9480
1488
13350
13202
6505
10701
4099
8307
7056
560
3740
3194
3921
6711
2609
7714
12951
3908
13570
13245
9672
4069
13958
2390
11399
12619
3136
11307
543
6750
12501
9923
5378
1564
693
294
3994
9844
11160
10496
13529
5159
8555
873
4370
6070
7585
9965
1395
3583
9699
13920
4617
4111
12067
12009
1381
3058
3066
8838
3700
13295
2246
6713
10406
465
11683
551
2342
2744
12047
7573
12963
4482
10119
2840
7370
11001
1425
7586
10298
3373
1389
1282
6527
11254
236
11407
388
3827
5475
6959
3039
7389
4850
2688
2875
3720
7182
4447
4918
13659
590
3640
7587
13815
684
8725
3220
1588
12007
9401
12502
2576
1211
8135
6226
2445
1739
1705
12244
4798
4267
6436
11955
3822
7807
9978
3726
9364
7308
6731
13955
10532
13638
13537
6324
13843
657
3671
1787
1466
12395
5918
1711
4495
10408
3916
11987
7222
5649
10383
7410
2372
1997
6575
9395
8173
11203
13404
9345
1674
1011
4997
360
11341
3983
1295
1156
10179
1961
4694
8203
107
2421
3754
11847
2455
13154
11472
5070
1506
3313
2763
12735
4154
3576
8360
3591
7795
11405
321
8246
6558
1837
6434
8711
2047
13353
10115
3960
13047
6296
7665
468
526
1403
2736
7629
1537
1388
11565
9822
5223
11323
11918
3457
7361
12440
2134
1562
12579
1029
1866
7143
4649
7071
11059
8031
1347
57
10076
3581
2483
1813
13668
12025
1163
812
11586
5684
2324
471
5355
6592
10639
3910
2368
4457
11982
2891
9475
13133
4670
5529
12643
1105
5367
4879
691
10261
355
7901
8771
10782
1893
7730
7356
6914
7589
4999
5094
3122
9212
878
4291
651
8027
7367
4005
6482
4660
7002
1585
12876
8926
4629
4844
2470
3755
3946
2555
2488
10543
2864
12344
2292
10378
6177
1048
5826
9904
11932
912
1749
4569
1875
1558
5943
4831
12920
10004
883
2605
8041
8182
1288
2009
13242
13026
354
4998
2898
3999
6840
2708
7444
12396
1421
9970
6458
10438
12295
8885
13449
6677
4527
3929
6117
3421
7165
1258
7459
3298
6577
12090
4578
5643
12246
2637
3227
9165
4922
449
8110
9074
1414
3602
12006
426
9262
10536
412
430
2931
2315
7079
3605
11641
3599
13278
8773
13007
4613
10909
2351
9381
1396
10402
6518
7744
3272
3631
7237
12557
6398
10662
5465
1723
12986
8433
2953
3951
9858
8904
1155
9917
6659
5145
1353
2970
1925
4018
12280
8122
12504
4188
704
7865
2007
8103
2715
1170
1951
11267
3451
1710
7427
2603
8855
4263
3928
3502
1349
5565
3383
2547
6309
8274
4431
2769
3887
11133
6952
695
8772
6800
2536
10135
381
12329
3582
12771
13559
7194
5814
3038
10230
4277
6278
83
12789
11106
5242
809
9274
12700
10791
215
1187
284
4667
2819
2969
13330
5662
218
4911
3825
10180
459
12942
6903
1684
8462
26
351
322
311
339
13317
1366
12424
1682
1552
8205
12189
4406
2041
9491
13374
589
8751
11690
10807
2738
4331
3496
4027
6842
2672
1435
2467
4095
6217
2595
6297
9668
5854
816
12658
13214
2994
4438
4881
3018
9228
7722
7116
4075
13774
4794
5772
6315
2396
4663
13630
10451
11143
9103
6708
13056
13557
2884
10069
12008
9760
843
10322
3543
4369
11465
9883
13568
8179
4572
8737
1536
3394
10680
7138
2114
13751
12363
3382
5060
2168
474
1464
1964
11627
3845
532
7727
1023
12121
7295
3353
1987
194
5154
13428
8894
5298
7799
12959
1101
1482
9582
1582
7490
8480
3694
10163
6437
571
76
2327
1501
2340
6725
12393
2109
13542
990
2607
12881
4516
8131
335
4126
6435
7610
7700
8849
8742
859
855
8537
12144
2395
11899
10187
8206
5484
1390
1680
2433
7127
5418
12454
8785
6582
10266
7593
3310
2814
4
8632
3504
9200
13399
2865
1074
13709
1580
7644
12967
6227
2979
6829
4705
10990
731
383
7130
307
4639
7412
9930
761
8455
1106
5382
11285
2291
2033
11561
12347
1943
8920
5490
3214
12885
3972
656
6772
7966
3608
3069
4465
11253
8487
8728
11780
11300
13059
13009
3652
7934
6781
1974
13029
42
4149
6691
13409
13824
13522
432
13378
632
12467
721
7205
2149
5251
7922
3281
5634
5812
7693
10488
13280
11415
1609
7038
12664
12964
11943
2474
12736
3561
3659
6905
1941
11525
9464
11268
3150
134
10152
13264
9635
8026
9943
4017
1308
3804
5870
8417
7312
11767
6858
1512
9245
8883
13022
5043
2065
1970
2129
10635
3257
2133
9145
8901
3864
8123
10231
899
6159
423
12891
10105
849
6990
192
5979
1874
11981
10072
2638
13705
7202
6690
2861
7131
6640
3406
7558
2965
9902
1132
8392
6638
4270
644
5761
8683
11058
3738
7753
4049
6814
3183
6448
10142
6412
3305
6084
2507
2930
3347
1241
11687
782
794
9905
2464
4386
4538
3849
1500
869
5330
3831
103
11909
5048
1786
247
4549
13194
3218
10943
9238
5654
3027
8409
3779
4979
11710
1004
13420
8477
4606
11342
2987
2947
8208
4036
8909
10678
13049
10181
12949
11893
8694
3763
5206
12610
3337
1700
7905
6383
6382
5037
1157
7259
9466
10504
10066
2093
11907
9272
7506
1311
6795
3054
7575
3950
12957
13883
6607
10355
13478
13031
13879
8877
3911
9549
2244
3521
3953
1583
13283
9213
3117
3381
3510
8209
13783
4723
5239
4803
11625
11695
13538
1759
94
3400
3170
1100
9028
1269
10757
13209
8159
6229
3571
1019
3019
12077
7044
7626
9864
2913
9244
3062
5990
5038
1263
2283
1836
11692
8646
13688
1217
12400
12573
8642
6798
7537
11520
8952
12361
2303
8598
6857
4405
241
8457
1260
1655
5807
7041
11637
1993
1055
1740
7042
10705
2784
362
12193
12356
3411
7998
9572
5294
13755
10647
1621
13211
11327
12565
11219
10959
9761
1445
11278
12165
7074
13488
13041
2130
396
12935
13595
10539
11769
7151
2890
9302
2523
7800
4753
6459
13562
2696
10531
3661
4356
3857
6897
2063
1716
11576
607
12919
10030
4688
131
2568
3665
2746
251
4833
3523
639
900
999
2249
2589
1208
2818
2848
1902
3098
11158
8652
12150
11315
3295
507
2611
947
13467
6336
9232
7250
332
3125
4509
9196
5742
12509
2653
8989
12000
9347
9789
4462
285
7100
3436
663
4334
13348
11109
12403
5081
13814
8640
13341
4458
4273
1458
2015
8210
1171
4128
1891
12510
11711
13573
1116
12962
6881
4354
6792
1051
13185
3637
4838
6233
7009
4086
1597
11920
10126
6986
8211
8180
1773
7913
9514
8322
10440
3252
13113
7538
13756
5734
9742
3784
3005
10586
4229
5344
2188
6137
13293
1965
3097
2573
8834
11781
9201
9617
11694
3692
361
2166
8821
2617
9721
44
1427
3169
1534
6292
9632
12625
1226
784
1699
3696
3143
3809
151
13275
78
13937
4804
1497
6732
4360
1049
12284
1336
12437
4628
4345
13144
1923
4380
12162
1300
2237
1022
3375
7715
5951
931
12690
5500
136
5135
4728
4942
12269
8856
1986
4535
7316
8489
4242
9529
8643
10683
6964
12429
9912
13737
9968
3622
8837
2100
12708
6245
2151
4259
7147
6735
976
10027
6678
539
7317
9060
4692
7022
6578
5407
13633
8252
5518
13822
11428
4862
3982
1
7090
11055
9856
8424
4815
2869
6618
6161
2403
2400
13340
4050
4060
2062
12360
4991
13427
13129
881
8311
9535
8889
5126
11381
4778
12041
8492
4782
8836
9812
10623
2330
10534
2446
6393
1736
12513
2143
1895
8212
6549
11334
3595
7826
2314
6427
13845
1737
3
2777
6679
2616
8504
9167
121
5065
8875
3997
3167
4906
9141
11171
2847
3704
2903
3526
9434
12459
7215
8379
3327
3976
6977
12524
3525
8401
5700
8025
4168
9824
3577
9233
11264
13267
13530
1834
4566
2183
6415
4952
8803
1342
325
2014
7891
7081
1261
2863
1666
1915
834
11897
968
9179
12309
3165
12237
5815
2442
5495
5538
7517
12115
12037
12833
6408
9477
13957
2714
8515
3749
2482
2194
10612
5064
10316
9191
13210
1047
6325
6626
5602
4268
9792
10503
3370
6562
11457
6761
6311
12667
7942
10471
8688
6567
9223
3065
3026
7050
6898
11744
6912
10703
5975
6680
12366
5768
11041
5253
12930
9753
2650
9177
10759
5136
3684
5739
11532
4241
4223
11493
447
707
14
9005
2402
172
3553
1565
6014
6874
6685
692
654
11657
5191
9690
11873
4769
11322
10140
4274
5230
6627
8073
6736
27
10299
4470
884
708
9553
9843
13291
12954
9338
8474
10580
1938
303
2240
4585
2406
8724
6438
3191
12137
4037
7359
9298
572
12108
8816
4916
12577
5296
3243
11856
13581
9324
1890
3912
685
1418
4539
13410
213
9725
7061
5673
9479
7579
5886
11213
1706
3570
10211
7319
5243
5172
5847
12106
2697
8814
300
3154
5884
6776
12230
879
6512
9406
2204
11489
2660
13970
453
11161
13949
2322
647
1053
8808
11297
12439
10065
4567
11359
4744
4366
6806
13199
10495
9857
3635
2058
3505
13550
9644
525
12354
8269
5068
9493
10459
3055
5904
505
5663
7507
7651
3032
7996
6830
1043
11884
7394
7777
2336
5125
5212
5231
2974
7871
12398
12159
5750
4078
4402
3023
2043
13642
3465
1379
619
8499
4746
12758
6954
2663
10070
11394
4875
1590
12391
2535
13265
2397
9339
1231
2111
4913
2946
1610
8068
4904
4575
12635
521
13216
6111
1515
12421
8295
8627
6553
641
3733
379
12844
10186
4428
7102
8820
3855
3168
11024
11303
1367
650
7997
885
6523
8857
7254
6854
12872
9899
6517
10434
803
1485
98
7037
6879
2264
13251
4107
1419
4641
458
3423
4821
2238
12141
10893
4137
8485
4042
1341
12747
12719
3817
3145
12670
1600
10328
1685
9726
680
12626
3643
13939
13058
13805
2097
8714
13718
2459
5939
11869
12287
10755
7671
4700
1411
7173
8463
6633
5576
8876
10800
6614
11643
13524
3242
6110
6769
2298
7478
12799
11953
4886
2321
4709
1650
12898
12933
4157
6456
5996
5117
2844
21
13775
1139
6930
10736
4376
7898
7322
1946
4247
3646
1845
7532
5180
4865
5007
4193
4699
2541
3036
3182
1175
2496
1566
742
7112
12362
2841
13474
12104
1764
11857
3799
5040
2693
7099
9612
3691
5568
4308
12062
4487
3311
950
7372
1129
2387
13888
8430
9772
3986
4289
642
5420
8296
3791
3594
3290
7373
1103
13610
4799
13543
5610
1357
4577
7508
11217
1293
4856
7454
11731
4698
13424
2245
11136
4598
7802
11758
3537
5950
10954
11009
7095
3764
419
8078
11640
5151
6785
2780
3322
4576
1615
1794
4713
12172
9175
7792
9147
12226
13355
6925
5652
4530
2201
12514
4442
411
4574
1089
10002
19
10023
1758
9849
8890
2937
9543
1821
12871
10108
6495
1372
12750
12021
3940
2881
4894
13400
2562
3246
7787
857
3603
342
12020
480
2539
934
1382
961
6913
3836
925
8374
4088
4513
4733
3002
10117
10192
10454
10047
5915
7994
10415
8958
7323
8453
5784
10336
9895
7455
4697
6646
7917
2411
10233
13394
3137
10979
5364
6909
10022
6462
9454
12250
5167
2571
9182
1348
3612
13772
4614
3724
6130
880
4627
484
10997
9585
9289
11962
601
2732
5744
4228
10481
6390
12928
13239
9386
9251
7262
12600
10670
3174
11053
10978
13687
8873
12173
898
330
11141
9799
4836
12457
13217
11328
1570
380
3741
11678
2250
10613
2385
10729
8671
502
7179
829
6128
6793
8150
5516
6410
1265
7086
800
2227
6623
3035
13431
5202
833
3777
1707
11735
10771
4400
3975
2962
10896
4669
11134
3648
6182
8370
2852
1334
5676
1315
6775
3947
10245
2401
2806
463
4098
11429
3617
3959
9139
923
8075
847
4873
6965
13004
10964
2317
12471
4022
6907
4160
433
1197
7686
13713
11043
7836
11895
13300
11936
10737
4382
4823
2566
6391
1825
8565
886
6320
1473
2271
1065
9290
2919
4329
3511
3865
4960
10589
13860
5148
12168
4133
3202
5130
1345
3585
7982
10568
12953
6148
677
8874
4595
9144
6593
2657
8661
9590
4211
1702
4467
4597
5348
6603
2751
4089
2119
6882
781
2695
2922
12517
1676
11547
8822
12019
11552
11144
2567
3175
6757
2172
4506
11330
12861
2491
2195
4159
2935
1323
1493
7016
8265
7734
5892
10863
10377
1448
1822
2475
421
17
6988
4032
7999
3680
7
6992
1677
7725
8170
3500
10168
5300
11045
10324
12475
3938
13290
99
11077
2527
4611
3708
13411
867
648
4287
11770
9485
7943
3618
7284
8717
1167
12425
1031
1110
6726
10051
12805
4848
2914
8476
4348
2054
9897
1404
3234
4113
3462
7837
5404
1325
6783
5265
5189
2724
10542
6263
10689
5227
3442
7902
1939
1757
12552
615
4176
798
10283
510
13656
4837
3685
12936
9751
4324
1922
517
6762
3116
13532
5271
2465
13662
6875
4140
7492
9744
2825
0
162
12856
13361
11256
11051
12987
8859
2550
1594
13674
11269
8679
1663
11530
9675
1514
3627
1616
13402
614
9384
2199
2052
11634
6027
11989
10167
8112
871
1161
3846
4648
4216
8611
3482
7872
1755
4310
6525
1560
11867
4155
11665
12279
11760
4604
2923
7375
2388
4142
2089
7214
1947
2348
23
8963
2112
8431
5339
8406
1430
1510
578
4264
3540
6051
1911
8442
11727
1108
6721
11698
13141
5785
4763
9649
1876
7841
1731
8870
922
2274
6392
1237
7293
1364
4192
2276
13769
12073
329
2486
8327
2325
3880
8950
13519
6404
245
255
7435
11652
8753
3471
533
4163
3695
667
7226
6399
7522
2529
10297
7184
1844
9790
7694
802
40
10120
11688
5471
7324
8545
11047
5323
2376
3542
10141
2309
566
6983
10275
892
8519
810
3907
1792
10655
3060
2563
48
5014
1025
166
2849
1420
11189
6262
2241
921
1329
3702
9308
2064
1646
1853
8213
11927
1456
1567
3316
11174
8829
4340
7475
10016
8946
4902
12125
2700
2229
4403
12466
2516
6876
6917
2759
13168
12926
7084
4908
924
2162
11757
3118
2807
3834
13127
5809
6747
10000
4498
1967
4721
9793
4969
11638
2867
4584
8559
6815
8087
11186
8214
6446
612
3276
3663
4683
7399
1768
414
390
12355
9548
4812
8704
2846
12713
7107
1042
12262
12285
2995
13108
4684
243
6929
5146
963
8125
7045
4280
9813
6935
4651
1398
3492
10161
2088
11105
2239
3892
8215
4244
12916
862
5557
4878
4279
10830
3391
4529
3534
7801
4191
12923
10633
12034
12727
1648
11523
456
8486
11740
2964
3253
3693
5544
2989
6545
1127
10214
2705
12370
1479
4849
10872
8133
4230
9567
2691
3801
3112
8142
12555
11860
10189
4116
5849
4322
7638
9396
11364
2320
7013
7398
3123
6889
813
6509
7675
11044
9195
4864
12520
2880
9589
4493
7713
5327
9891
9306
8940
11650
10164
4552
3634
9969
9656
8510
11677
4805
4092
10109
8620
7357
11347
112
1274
815
3466
11245
11372
6916
6421
8437
4579
13787
4685
4464
8818
371
4817
13711
12087
7936
4430
3179
4898
10606
8574
13249
4210
4789
10673
7709
3000
7904
11603
8113
4775
2723
709
8218
622
4063
8181
8070
3990
7574
863
8673
3497
13125
11017
6712
116
3070
1154
5509
1629
5760
9984
3719
11825
1147
9926
12793
7781
5709
1531
6092
9781
12306
1793
2976
5704
5635
490
12710
4455
3939
5985
7126
13433
845
6937
3937
10685
13109
5370
3488
10487
1856
3541
4654
4620
7789
3610
5184
2349
7463
13448
11732
11401
1995
548
441
1235
8592
1538
7376
8887
8321
6211
1595
4443
7932
8604
12271
12547
8759
178
11592
11392
4830
199
10079
264
2299
211
13872
9816
11048
10616
3438
9924
2090
1107
6655
206
5408
10738
13235
1910
7167
12893
5328
2899
1622
12839
9637
1810
2615
2694
10596
5289
4571
11318
1144
2002
13060
3366
13781
3499
2220
2490
3885
3527
6728
6281
375
5597
12523
9458
4328
4446
7451
9735
10414
3441
11522
13038
7328
9095
11966
5439
12993
11284
2410
5166
13735
6171
658
1415
831
11249
4333
13938
8115
2514
3486
7329
2181
5158
6473
1006
1453
3958
2545
11515
4933
5176
4542
4966
1199
11734
10551
980
3723
1297
5914
7531
2599
2882
11140
4696
13236
5112
5044
4404
12026
2389
3386
477
3247
1007
7834
9597
5494
1313
2755
12855
3224
9256
8017
11957
3095
2745
11398
10156
6739
854
586
7330
3675
3401
4109
7123
13130
3181
9565
960
7236
12301
3359
13324
7867
13224
3130
13693
2243
5527
2720
5431
3842
4473
7991
11671
4384
5384
4731
1441
11784
11976
955
7469
2669
11972
7511
13406
1854
1733
4975
128
3820
9993
13771
5926
9331
12465
10935
13180
13660
6319
11448
7121
13585
6286
4793
13269
10515
9437
2809
11042
8754
13380
11528
7568
3344
7768
9208
4748
2795
11350
3431
10067
13799
12842
10748
2365
1917
10681
6467
2380
7704
9258
5001
4634
2236
11431
11277
1657
8251
4021
13916
498
2911
1249
11139
7125
4905
3203
661
5715
12045
8345
6163
3429
7779
5224
3798
13719
2827
11240
11887
13586
4562
12790
8541
5270
13256
8036
7462
3378
1934
9131
5555
4890
11865
6982
9945
2629
3424
9625
9445
196
8273
6273
6786
8001
5462
2879
7276
7277
3829
13844
8491
7566
5623
4081
7400
6652
4411
787
1656
10043
10364
2932
4806
2569
8899
5827
1153
1669
941
8282
6232
11616
270
4448
5240
3998
13304
9117
2048
6521
3133
6274
6524
4762
4825
9629
9326
10888
12357
5026
5185
13778
1076
5129
12834
13803
11271
5865
1559
7416
3875
6053
4664
4307
2643
13451
4220
4170
2581
13430
7493
679
10775
1761
4682
4701
4053
12596
2892
5315
2785
2916
4198
3597
3049
5695
4544
2173
2233
2034
13459
2838
200
518
7431
3140
3342
2359
11507
177
2683
9573
10841
4106
1320
5291
2163
633
9898
5852
7243
12260
6733
4814
6012
6774
10381
6258
8483
3103
6877
6374
13091
8043
306
788
9686
10638
2608
483
10563
233
12598
4792
4207
12261
1971
7676
7598
5050
3189
2674
8339
58
7975
2524
461
8220
3519
2020
4248
142
8316
8788
6671
10247
2733
2174
125
11611
8100
12461
2277
4587
9109
8999
9187
12741
1724
4341
13862
148
3660
9013
3197
8628
11060
4736
9297
2159
7218
4586
13223
12974
13037
10053
4085
13276
13830
3476
6787
8221
7815
12331
13032
2548
7058
10919
2414
4171
4412
12527
8941
10154
6411
10426
10077
9412
3209
6869
3245
6801
4016
3017
8847
2940
4255
13345
9657
4219
8261
785
10428
8298
7749
9168
3139
5771
10040
13745
7334
3176
12052
4518
12350
8796
4800
146
10555
9971
10360
13434
6252
5766
6174
9199
12528
2961
6322
5152
8622
4076
313
6634
7186
1417
10237
5919
969
9282
1266
8158
13455
4358
6716
12746
12180
12075
573
4786
10460
974
11351
10155
628
1984
832
1194
1608
9823
1767
7763
11838
8998
4033
1339
9173
10710
6178
12455
4105
10749
12530
238
697
2302
567
4401
1160
4101
9537
3909
8872
4702
4740
13167
11888
12853
13539
8593
12178
4083
3566
7417
12678
3503
11896
4104
12925
3669
12130
7241
12961
9866
818
8446
6022
7761
3162
4810
4749
2355
4642
8544
3963
12004
1851
515
1867
1634
12397
10270
1543
2225
5729
12163
438
4980
5824
11152
1244
33
405
8033
7873
13655
2057
13604
12411
3919
12308
2591
7971
61
4555
12960
11469
13165
1304
7599
3781
11799
4732
1060
12818
9009
12005
9673
9121
8554
5181
2281
7025
59
7418
916
6779
7701
722
4590
8264
1222
9641
10793
12186
597
1213
7153
1158
9163
8118
152
13118
4540
11080
7600
5174
5000
5263
6946
8386
9867
9257
3948
3308
2530
8156
13321
13556
1780
12638
11282
12378
8222
4066
13549
12068
4476
9372
280
9089
2972
2762
7196
7197
5142
4903
703
7185
2138
4719
1960
11355
12671
3056
6660
6661
4052
1882
8101
3672
8843
7827
9403
6601
1188
10916
10883
11425
2742
5010
4533
3952
13677
384
3217
9544
3153
488
1402
8719
7287
9255
6280
696
4841
5071
6619
12394
4957
260
10763
3837
11010
7570
9568
13288
12879
10695
3473
10573
2766
4863
12323
7561
7238
5580
3714
30
2703
4972
13181
4080
2029
13352
7161
2750
11691
2296
705
1709
8106
5282
4693
2279
13632
987
11
6289
660
2963
13342
353
7111
8223
2308
10093
1556
1754
2046
1688
2381
10803
2800
4717
8783
7012
12450
5025
9497
7054
11363
89
4045
7602
3363
8348
4093
7335
6682
4939
666
1966
3210
2887
479
13408
1607
2918
2834
1120
13672
5656
1603
2335
844
2572
528
2943
13596
8907
12531
2369
6104
3213
1789
4441
7337
1084
10394
12867
11925
4612
6176
13721
10333
11701
346
516
1643
2681
4179
6405
8224
10742
8902
2924
5437
1809
1753
1172
3452
13807
6500
7978
11022
1714
11904
7255
11855
6534
13819
564
877
8377
2480
10937
12955
1151
2712
8124
6583
11272
4138
3053
1273
10660
2860
129
6138
9470
6156
1098
5350
13203
10545
13403
12549
13156
7209
2175
13648
9
738
4151
11993
50
7731
5554
8256
12657
13540
8412
9016
11911
5792
11289
3425
8514
7072
9696
520
13555
6207
11333
11011
4745
12776
5459
8407
5720
358
7683
6449
4755
9442
11107
1191
6695
9350
3593
4038
2544
6035
7049
3666
11497
12857
4507
9402
10583
5601
3420
13390
13917
257
8227
2497
8708
2393
2701
2702
8450
3040
3613
4920
126
7264
8405
9996
11620
524
4182
10597
6752
10828
4336
8561
12532
11684
6948
7879
10289
2416
5102
5843
2538
1400
6675
13853
4301
7648
2484
2435
5776
6119
2128
2781
7156
11568
998
10796
1438
1131
1962
10084
9295
8681
11288
9763
2941
5012
4704
3073
11956
2096
8467
3277
12533
7428
2040
5421
2209
2190
6307
4603
6602
6133
790
4222
4677
13663
12214
7051
11040
428
3490
13204
2822
9204
5931
890
9778
13732
12296
2466
3222
49
6740
1361
2983
4178
12476
13629
777
793
9534
10715
9522
4316
13176
434
4227
5149
84
5668
10732
2070
7964
487
95
10320
3080
4846
11933
2857
9828
1881
4318
2765
5593
12534
6115
391
13456
8062
4489
8549
11180
13716
2337
11498
7187
7868
10032
3968
7078
8114
9920
11913
10019
8498
3698
6009
11086
2967
1215
776
3419
12210
6667
13637
4645
1929
10692
579
8699
4857
9291
6878
753
7684
1900
10714
11015
3392
4271
4374
6720
3808
6932
588
7048
4550
4183
1193
13515
3256
2146
5354
11553
1178
1026
2110
12430
9399
10869
9829
467
8390
7677
3450
8833
12592
3715
988
12641
2409
9868
7861
10547
2900
4959
983
5280
1319
1218
10185
4202
3185
1701
8077
7355
10895
13789
11002
5501
7924
6228
13028
7897
4930
7609
1387
1878
1017
9038
10657
2556
7726
5737
4869
4497
9526
5948
2266
7039
6532
8727
11615
9094
3010
8037
6669
122
10505
2135
618
6561
4320
7386
11452
9181
6790
1935
3624
4910
2001
4200
435
536
12064
7685
12774
9506
13609
3662
12702
11850
7876
6891
9217
8903
3067
13747
13676
7813
10558
4046
2391
5200
8584
13768
611
11037
6425
4115
6701
13270
2319
13867
13959
2094
4203
9380
4519
2667
3600
13546
673
6285
653
2153
4325
2203
4144
18
11742
3856
373
7089
1173
2263
12613
11345
385
4843
689
13605
11200
2927
7217
662
576
4839
4387
9950
6113
1008
3021
8389
4047
4158
4235
12536
10908
10693
9499
9723
11550
3563
4445
3324
8484
4327
444
10044
9323
12995
3559
3087
2897
4564
4114
7279
10061
6507
12537
4421
9500
4521
13161
4162
2699
3064
3296
937
2942
6149
2639
2254
1509
3752
10062
2408
2176
12712
2509
10441
3030
8229
6630
4876
8049
4720
7458
11204
3575
9776
2301
13006
1826
13102
9538
13647
1950
13798
8230
3850
3387
537
12538
1326
2186
7699
1727
11038
3515
8494
7019
12519
4861
2326
3444
13287
13848
8324
8231
13468
7340
1647
1165
1444
12330
4673
223
13354
8503
904
1316
4048
9093
10789
10485
6899
2332
12311
2850
7060
13754
10600
2211
10190
7233
12765
6291
13576
725
6980
7829
4632
2071
10358
3250
11961
11234
12878
6475
10116
2212
3448
13646
2625
503
9170
12142
2026
5387
1356
938
6581
318
7604
8232
1555
7007
4880
10379
4190
9407
8581
2816
1192
4607
4854
3149
6987
11639
12717
10634
4835
1801
10143
5032
12846
3949
4750
13233
290
3871
12929
3301
6836
547
10991
1137
2187
1991
2222
583
1309
1913
534
4317
6418
13621
6611
1397
2951
3225
9415
4829
3601
1963
2210
8799
12904
3668
5756
5104
1324
6513
500
1762
7540
13906
1152
9520
8674
11368
237
10203
2127
7171
4434
5432
10191
11527
11858
4299
2023
9303
9872
6331
11723
4563
5260
10409
13757
4261
4186
4993
2582
682
826
783
1751
10641
3964
1670
2542
2139
10808
10063
12122
2741
4986
9250
13107
3180
6256
7341
5582
12192
13685
670
4588
10523
3756
12972
13956
634
1892
11427
5862
3883
12483
2167
11036
9271
2261
2160
12938
2051
2104
1861
1907
1880
1732
1117
1992
1474
1611
1525
10340
13415
3899
4501
7733
1623
2105
3847
1024
12539
3099
9689
13724
1604
1798
1659
2992
3546
3343
3248
11210
8917
11963
3636
13698
117
6822
1769
1066
3980
2739
2295
1436
41
4672
6895
4339
455
11214
8906
10073
1548
7679
469
11003
13544
3814
7830
724
10905
9974
10099
12686
9860
6702
10561
4751
11717
3186
8775
6334
2991
3578
13804
13786
8007
12445
7979
6608
6960
1752
9036
7219
8120
4057
5085
9575
4150
1461
8800
8767
5902
8234
10388
3081
2144
6155
9037
2778
10995
5653
1391
986
6754
10553
4582
4541
10201
1472
9194
3888
5011
11033
559
153
504
4735
12194
1358
3333
1374
3895
5042
1638
5890
1668
984
1549
9769
4888
10768
10921
12328
8774
4797
9210
6529
8117
7711
7810
4845
12032
4029
4175
5905
3914
6304
1713
11157
7590
4350
5514
11666
1346
10276
2959
209
930
3108
3284
309
5517
6162
10470
3906
9472
7977
3389
4937
8151
10240
2073
12469
12869
10516
889
450
4474
6894
8690
9049
1883
10359
12515
1968
6756
4044
2256
8090
6543
343
9933
1068
6845
7893
10712
8315
11714
10447
10464
11672
1080
6885
3838
12845
12540
3314
3445
5016
10727
5391
5244
2035
7920
1496
13309
8881
248
1041
562
8299
4479
5679
7535
1598
4239
6788
3574
1527
1783
6841
4146
5075
4058
806
10166
3678
3094
187
3816
1774
2665
3430
9459
1541
11787
6861
10253
8654
155
3072
7705
4398
2010
6076
11656
13088
4739
13746
7286
13438
2068
4847
4820
13218
13491
12541
6653
4583
6850
13587
10039
11829
12303
5015
5910
11463
8466
3340
3388
7567
5155
13205
13370
4209
8459
5567
6996
9440
12897
6164
9894
13665
3274
2200
2928
2284
4015
4124
1563
7269
4822
12567
4165
5023
4375
320
228
10348
1979
8966
3967
7026
5205
9482
7624
143
1112
8314
2371
4915
7839
2776
13333
3434
457
751
1459
6367
13183
8235
11118
4245
7032
10157
5977
2086
4432
8801
7426
10619
8804
9540
7247
2262
12003
5118
6160
11947
10776
10038
3022
1989
3319
2565
2543
9806
10981
13258
12542
4874
10526
3326
8860
6684
13308
3924
1554
1203
7381
13132
11877
5269
2278
7290
13452
2059
3664
9794
6587
12351
2108
11874
5035
11705
1363
592
6834
344
12754
13311
755
8897
2487
6264
3580
12095
2006
10133
350
10160
7780
1858
12612
2036
10050
1432
5210
8140
2280
6595
4505
12054
582
621
254
2713
1111
239
370
2197
545
1937
6323
28
5441
10074
3852
5286
11879
13700
8116
2207
1206
11025
5988
11019
10818
2328
1433
11237
11670
12978
506
10
3862
9129
394
5868
5091
5461
8415
3932
6904
5392
9001
9524
2038
1696
222
266
11924
7577
64
8954
10134
3863
13391
5765
2032
8444
3105
10870
3925
1450
13758
7526
3475
5435
4174
11082
420
13197
1905
10688
1721
13706
4122
9800
1985
11886
655
5906
6464
3464
10064
4265
12070
3589
10125
8831
5670
13809
2080
4661
6420
8126
2758
7732
8600
4342
1275
1477
6423
12934
9416
5595
4842
3129
10795
4346
3934
3623
6650
276
13525
2654
2889
4013
1718
3782
408
13289
1743
1942
2687
5774
6344
5401
9334
2613
1368
1645
3619
4389
3508
1465
4043
5390
10726
9390
3918
13817
6957
13253
9755
10624
2447
466
6127
10456
10334
7028
861
7142
217
1838
8507
2574
11985
13704
3494
10100
10664
7774
7464
4978
3048
11317
1811
2886
4591
3758
8378
5989
7224
11952
3806
3771
11587
2214
4019
6351
1082
1520
13158
472
7549
10482
3286
7480
1578
11228
7465
11964
2783
11997
2053
8111
5273
6083
5618
8938
6742
3896
8088
1691
7640
1185
1016
1384
552
10222
3460
8104
2830
7911
65
3463
8840
4941
9023
9734
1232
5960
6816
11432
11492
7006
9518
4435
8617
4899
1712
13714
7249
2501
11642
11385
1062
10753
13895
6295
13490
13598
3428
716
12179
1697
273
6984
2801
9455
6330
2008
10398
66
4300
6703
2945
11154
3467
5838
5109
9047
11159
7961
3416
11362
12882
2419
13227
8745
1104
1689
5480
13827
11632
8243
5512
10963
2213
6514
8605
8475
940
13440
8567
8994
4940
47
739
5369
12313
6332
8065
4502
2858
3536
1491
8981
11018
3800
13422
12082
13926
514
2596
5521
8633
9264
8416
139
9283
10399
2904
12302
13477
3034
9980
291
8893
8153
9981
13810
6063
12941
70
4852
4520
821
3011
1429
4914
9583
7476
3750
10342
4895
4201
281
5797
11793
7137
1088
4718
8134
11880
2184
10831
1841
10462
1796
12267
11926
8164
3901
4238
4824
3453
6552
470
10497
10951
11114
4117
10054
13547
865
8776
9092
8094
5980
1848
101
8845
765
6738
11864
8290
11751
3943
3368
8911
6723
9773
6416
594
4212
8285
9990
10448
9056
8084
13017
9410
1765
719
4006
5046
9556
4766
12409
9305
8030
5061
9375
3993
2824
9963
9559
8305
4055
11211
11163
7816
9882
3769
2003
7083
1189
13910
3848
1815
2515
5842
2944
3649
7253
7190
13338
6533
10554
5789
8279
13383
6755
6632
6064
6306
5638
9909
12835
12851
4818
1776
43
13419
11851
13177
12874
6218
13579
12254
6886
1052
3260
13626
872
2985
12352
5053
2587
4768
9211
13062
3876
1046
3730
1814
5275
3047
10012
1290
12239
39
4593
1575
133
12205
1164
10915
13901
11574
11990
2828
10367
9851
1292
2859
2170
710
13119
2839
1377
7806
210
7542
3811
2978
7467
1013
5337
3858
3859
1010
6003
13516
2721
10975
1470
12701
12494
4912
3926
74
4285
2805
13360
11752
12375
9457
9530
4774
12207
8641
2171
10258
13335
3447
3084
3920
10509
5076
7368
11581
13858
565
6395
7273
4074
9352
1698
1317
4121
2253
8408
11222
9119
9099
1327
8578
12976
3679
858
1573
10455
10412
9461
12787
4662
3985
3996
723
6705
2621
2593
4338
13413
2273
5036
8631
5153
4956
2117
2082
8697
9414
4802
2436
3254
7348
2472
9724
10431
6455
10282
13795
728
4891
3770
9687
7109
7501
1490
12171
8569
193
12944
3124
3146
1591
8461
3330
2294
1660
6294
2042
2771
4770
4143
3786
13260
3753
4303
8871
11006
1036
3351
12033
8253
4730
13051
7613
1230
10858
4995
12069
5080
2580
10717
5863
6257
2950
4738
6589
3761
9532
10868
12973
8750
2230
5351
3269
230
8202
2443
2457
2912
759
1830
2076
3147
11358
805
8121
368
4309
7545
2761
9108
8034
3244
4221
772
11437
422
7534
8867
102
4208
3161
8779
5317
1868
5803
10311
11023
7786
11998
10037
7666
9921
395
7588
4949
13384
229
345
6865
9019
842
54
12887
1138
1671
4153
11761
93
359
277
9893
2469
7723
13506
3233
10530
6991
7471
7257
4982
11664
7736
13261
7144
13558
10228
531
2085
764
3557
2095
3712
7783
8144
3317
3152
4199
11733
12922
13679
9552
386
3654
4450
6559
6031
1278
7791
1204
10217
11402
13813
7479
1945
6541
8591
3544
8939
13782
13044
4602
6261
13864
7764
6538
8119
3913
1569
4708
7474
7976
7983
6
11379
9614
2878
2652
10721
12083
3455
5443
274
5140
12092
1742
13462
1220
7442
5388
1750
10091
1748
3789
1816
7073
9014
3456
11930
4123
2189
4754
11281
4674
979
12243
13035
11618
2833
6780
6483
1865
3037
13379
5583
9105
5400
2960
11439
4967
4087
149
853
3028
13729
13316
1360
7040
8109
10301
10882
542
13639
3517
1924
2017
9989
13861
9120
10430
6645
5336
7788
6610
410
2525
4522
9077
3100
1121
12432
11324
7772
11384
3558
5375
7992
4917
2635
11843
10020
13777
5
1998
10745
8155
10842
7903
4420
5143
6126
1760
37
6277
5078
554
4621
2929
2592
9313
4014
6672
3775
8612
1174
4466
12209
1318
7294
2489
13947
161
275
4196
2353
7387
12769
9428
2551
9079
7020
3345
12294
12318
1928
12446
6139
8481
5585
2817
12422
9197
12105
11738
9557
8707
4779
8861
168
1128
3765
12234
8040
13891
9127
8967
6548
3042
13398
5706
3898
4710
6746
403
11892
10827
2808
2905
6147
3201
3794
7392
9080
3361
581
9221
920
12463
10335
10517
4449
11280
7154
7036
13248
12384
11577
4757
5220
8165
4051
13226
2802
9146
9294
4475
11988
13492
546
11321
7242
3620
2971
8761
183
2198
10114
6600
1523
9486
8819
1832
3807
2141
3291
11464
664
6599
13215
9715
10730
2333
962
7491
124
11090
5526
13268
2428
10274
6820
1351
3007
11712
9075
11273
3360
11346
12768
165
600
11202
8758
5497
527
158
259
407
2323
6358
617
13617
1370
12120
1054
7959
4068
11178
11614
12763
11085
7559
4002
9051
3677
3109
2787
3131
5619
9907
201
20
11054
8141
1735
2343
827
12270
4206
2594
6718
366
1142
5425
5252
1708
220
10110
1613
12256
9591
11012
10992
13526
11258
2377
2532
1439
3008
6590
13731
5333
10393
8270
10145
1829
11179
1238
4950
2843
75
10413
11617
7674
11153
2676
4167
9155
1176
4390
12088
10626
4161
598
1498
4397
8308
5156
499
5464
958
1287
6254
1561
2954
6231
1307
13252
3650
4243
2049
8482
7870
176
7258
4023
8793
1681
6282
7065
13064
5786
1625
6403
11014
4294
2430
2526
2451
4399
4437
12770
1879
6528
11504
11729
9803
2422
10234
11242
8074
4858
830
1264
13446
3478
2498
3548
9371
12213
3657
5358
1725
2247
5454
3538
595
509
8763
7062
4067
4548
8978
1331
587
4054
10574
8488
327
231
3832
13806
1486
5869
6864
13521
3670
1371
2754
8105
888
1800
8393
8396
8395
8404
8397
9039
181
333
13013
216
2011
174
13238
8662
2366
10182
10640
4293
5493
6030
7594
8508
5887
11349
7248
584
2791
11218
5101
10910
8976
2345
265
12010
1592
6409
1530
2339
4777
1835
12456
6683
2998
6995
10425
8583
8280
11832
5361
7003
10704
3089
8216
3512
2468
399
10934
6681
7473
13619
10898
7221
312
1343
4855
3487
11389
9269
5590
198
1437
13502
1289
6872
5087
838
3052
1146
8465
3474
11151
8385
10483
3403
10809
3616
7875
2655
4119
7960
9259
12215
11340
1136
9584
602
6520
1833
2123
758
5877
5047
9123
16
3676
13654
301
7925
1953
6560
3481
570
13469
3717
2234
605
2425
11410
7818
2481
5528
3232
348
775
7794
3435
4218
4084
11238
10005
12372
29
1763
11871
2265
13296
1243
5885
1196
415
13554
820
3483
2756
1827
11201
5453
6487
1636
522
8921
8942
7207
13720
7456
2118
3258
2728
4130
157
2977
10648
2191
914
13163
10467
2794
3045
1256
13279
5680
6312
7263
11580
1627
5738
4102
1236
945
6024
701
2996
2290
299
207
10244
3931
1504
11737
6396
2120
6522
8983
13170
10013
2584
6730
4885
5731
7332
7646
9400
2651
4226
13881
7360
5775
1255
7278
13644
3264
8020
7132
3114
6922
7114
4065
10443
6924
3417
296
13328
8987
824
3157
13277
1005
10384
4169
4368
7702
11239
910
12119
9678
12407
13172
2644
8659
1086
3077
13838
756
3412
625
5241
191
240
11861
2936
7528
9842
9865
7630
1864
2709
7707
282
5920
3810
13523
5133
4471
7419
13085
1443
763
497
12875
9299
6597
13461
1644
11275
1704
6866
3332
6059
2494
10272
13930
791
6765
7524
250
6422
12156
8108
2901
6056
2439
347
10018
2799
4302
11182
917
7338
4811
3092
3029
4492
2786
13696
804
558
9521
2126
205
7520
13767
4177
8226
8513
5816
3016
2973
1667
7845
5195
195
11475
7944
3835
11842
11451
224
717
9684
8257
11844
9648
9285
6700
11800
4392
4554
5144
13567
7423
5022
3306
10823
3935
786
9874
6539
3376
2510
8456
6919
4900
11366
3886
3061
6839
766
12031
10999
4315
10508
4665
8228
4594
9373
3927
6947
9496
22
13016
2356
445
55
11866
10557
1148
11414
4743
4418
12694
4452
13507
9260
5481
9476
6188
12388
11274
13257
7066
9704
4741
283
1927
3954
4484
8812
8850
9888
952
789
994
8944
11949
4992
1122
100
2383
8019
3565
3917
2521
11648
1221
2297
6284
9357
10252
11601
2630
221
5277
12272
6360
8563
5444
3356
3961
1908
4596
4234
1416
2091
1250
9343
1770
3212
2304
3841
295
6570
3259
3751
1847
12066
3215
170
8540
3531
12742
10170
2788
4148
13702
8722
6668
3031
9587
4424
4494
11868
7981
316
6479
1744
4619
7082
10106
3358
2792
7246
11699
9337
7239
5542
4349
3184
6511
4944
5362
4041
9676
2448
6394
258
5041
12124
12921
11673
219
12462
1070
5828
5004
7654
4884
13072
7846
12836
12016
948
5168
6938
1440
8610
1270
860
702
8163
13110
11544
5916
8145
1873
3973
13299
957
8368
848
7883
1028
9827
970
1277
6572
13292
12563
817
1885
393
12981
11891
11706
3229
7148
4292
6039
7563
10442
3393
11335
11531
326
4883
8076
5994
9413
12849
2908
8933
4363
11295
4184
2456
4599
6461
9835
7168
3236
10770
10890
349
13369
11290
13362
10794
5477
556
11579
1228
8896
2522
8811
9608
13157
9688
9378
10305
2561
1518
10706
5726
2161
7627
3748
4581
2740
297
7096
11092
11995
3012
4061
5226
13496
3524
1931
5837
9030
538
3766
11870
13071
13893
636
9885
4362
127
443
10903
671
575
4808
2107
6402
5398
10754
2842
1574
1247
7134
10502
6676
4007
2492
2394
8317
5550
6453
1428
9995
8931
6958
811
2579
11424
3894
495
2678
182
6664
11373
369
5736
12940
13234
13190
6372
8630
7608
2575
1658
7076
2711
13643
2300
2988
771
11306
6387
302
9114
1061
9713
10025
5660
9832
10878
4145
9409
2231
244
2767
8319
5637
11766
6844
7759
3879
5320
9819
12444
10089
9027
11000
6926
10254
9791
1996
3923
6206
6034
8427
5841
4332
9737
10277
12975
3178
6067
8721
9035
1746
6259
3015
13396
4859
2730
319
4009
9563
3427
767
3263
9707
7136
6308
5489
13247
7516
8367
12190
4224
4419
409
13736
6167
13065
5018
9025
7850
232
11316
203
5678
8083
9586
5873
10920
2463
2558
1014
6921
1553
1777
3729
8878
1863
400
86
10139
905
1159
1494
2717
6722
5188
11945
4453
10262
12423
3352
9176
8160
7158
7213
4589
3507
3432
10686
6554
13465
10525
10006
1424
1901
1413
8830
4008
4851
700
4091
3813
2690
2856
11977
13208
12443
4275
7497
977
6287
8900
2764
8961
4938
3173
2633
2363
5422
8473
5246
9385
2810
12312
3981
12281
9834
11231
2056
2871
5284
292
7139
13359
2478
3377
747
2206
6777
7162
1778
7443
12135
5669
8949
6299
3289
11551
9878
932
2382
1460
1487
6357
2854
397
2743
11951
1253
5992
6928
936
5515
3564
4761
4970
3288
6020
1717
6843
2318
10630
1040
7342
13123
11697
9270
4580
12174
3199
267
184
9143
1489
9083
8128
8236
2431
3866
12002
7067
13005
11458
4079
8107
2517
4790
11170
13407
12892
6508
7543
13201
72
11007
9964
9938
9067
3404
7353
1533
12211
7812
819
1058
9935
4675
2275
2081
5830
736
13083
11313
1972
4638
11902
1651
9640
3013
9764
8827
13385
8066
10958
3768
4711
9335
11854
7652
7035
12632
6620
6621
13149
7634
3439
610
8865
6466
8249
13681
2424
6888
11075
3944
3828
7921
3626
12412
4640
4994
1166
13100
7108
3788
6497
822
757
3088
4306
11223
8394
2156
5808
11674
3320
13325
1988
8703
7636
7958
4605
11185
918
473
12782
4233
4108
9279
11610
2305
8419
4295
2748
6767
1113
3826
2269
3547
4463
3844
6414
4039
10370
887
7863
7894
1447
104
4532
13222
12755
3057
876
1037
10183
10528
837
4062
6759
6496
5899
4625
5820
12220
8934
7729
9509
6062
11919
7689
6125
640
577
9133
3658
1272
10629
6305
13483
3796
3261
3287
3818
13310
1248
9703
652
4896
73
956
1469
8095
5505
12543
4298
2966
2552
12428
6441
11259
4253
12858
7461
3793
9804
9248
2557
5584
4534
2531
8283
3874
7343
13505
6715
4658
4020
12780
6498
3489
11801
7743
9239
11999
12175
2061
1642
11901
8891
9082
10669
9111
1310
1903
11718
2511
11505
8432
8596
8571
13882
1012
8948
926
3567
4129
3736
9292
10468
2710
7923
5900
6565
6584
3915
2360
9443
10843
8447
1301
10385
3957
11503
12059
62
9118
2656
7166
11205
3721
10433
13271
3905
3592
3371
12965
3705
4472
13466
12585
4788
7383
613
3890
7697
2586
4866
12472
1069
8990
1576
2647
1652
2577
9977
6302
80
7721
5822
2955
5132
1532
6283
5864
4650
8167
10035
13174
683
944
13386
3135
12764
1314
10312
4679
9561
4024
6021
8010
12012
11299
9153
13131
4414
3767
3735
2590
11193
7172
7124
7206
8706
10376
5952
7445
6452
12652
1302
6710
8438
1125
9693
9355
12886
5150
12991
9029
8099
12779
2719
8956
2357
6737
6751
5373
2648
12374
4767
105
8238
12185
3573
2412
12166
519
12223
3945
4528
10007
9531
1817
12804
5781
147
2934
9332
11220
12718
939
4181
2437
12176
11167
8974
13139
4330
9588
5972
8736
12890
5930
10382
1335
6547
13590
31
631
2920
3270
8403
13358
7115
12387
10609
5965
11030
2106
6890
3357
1535
10822
12377
13196
8601
8602
10391
9125
6574
13011
8932
6643
649
1081
3329
7004
6953
1224
1889
7453
3104
11802
13255
8969
2444
6516
1840
13863
35
13327
2267
928
1982
12027
11032
4026
1828
9655
3897
7877
3044
13889
12188
4278
11365
8300
7769
7234
6103
10698
2182
4656
486
569
4436
12544
11510
1823
4929
9754
10169
10184
975
12079
3878
8505
953
9884
1214
5293
13412
1073
513
2718
5506
12998
9198
2364
10507
1540
11872
10976
6656
8276
4608
2716
10500
11027
2217
2508
204
12817
6476
11721
8263
9112
629
10242
4773
741
2367
227
11028
2270
6417
113
2984
3459
11623
464
8959
11411
3772
11651
6920
6778
8603
4364
7832
4976
8388
1195
5699
13761
1954
13114
1393
3709
3398
4870
2287
1467
1635
4319
3995
1030
10906
5194
10723
9494
9311
2219
4737
6828
10892
4090
5424
2288
4365
8634
4877
3569
13785
4344
11169
7784
8988
1033
3493
1741
4352
1468
13653
12777
7765
6480
8008
8061
2641
3647
9152
5120
7607
1475
5519
2671
8082
2883
12642
4377
7128
7805
7945
1859
3969
460
377
1790
13228
1321
982
8619
10684
12057
3158
1784
5027
12880
1852
3830
3977
6493
12376
7980
8301
7680
6689
13664
4600
2906
1177
185
5107
5883
606
278
3422
1097
1198
3449
828
11026
4834
6406
3079
2689
4882
11840
11713
2735
11931
2832
8425
12132
3893
2473
13727
1926
6748
4871
6998
4454
11397
11759
7758
11438
13084
13195
13140
8304
7422
7681
12319
1002
12258
6673
993
12877
1410
9607
6741
874
8332
13464
9188
568
4646
2760
7712
9224
12608
5259
5921
3587
3881
10352
8241
2813
8993
9533
180
6923
2311
2692
10165
9554
10295
317
5998
4988
3528
12390
8573
11460
5058
6870
12283
9456
8012
3141
9116
2078
8839
1352
12464
13541
442
3043
13137
3579
1571
1975
3903
852
6089
935
12265
2773
4417
12202
13509
9404
11276
5255
1162
6670
1695
11230
6832
2851
4615
3339
1202
13489
5139
3734
5213
7874
3783
13972
12545
13166
7565
7548
5283
4622
13527
6637
9731
11778
11812
11894
489
7001
5099
475
7396
2707
13885
9948
1896
8
